8 1 2015-05-25 21:33:51.057226 0 sec
8 2 2015-05-25 21:33:51.057310 0 sec
8 3 2015-05-25 21:33:51.057393 0 sec
8 4 2015-05-25 21:33:51.057811 0 sec
8 5 2015-05-25 21:33:51.060566 0 sec
8 6 2015-05-25 21:33:51.078678 0 sec
8 7 2015-05-25 21:33:51.267375 1 sec
8 8 2015-05-25 21:33:52.956022 14 sec
8 9 2015-05-25 21:34:07.565004 133 sec
8 10 2015-05-25 21:36:21.023817 1142 sec
j =  0
(1, 1.0)
(2, 0.875)
(3, 0.875)
(4, 0.861328125)
(5, 0.861328125)
(6, 0.859619140625)
(7, 0.859619140625)
(8, 0.8594088554382324)
(9, 0.8594088554382324)
(10, 0.8593825697898865)
j =  1
(2, 0.875)
(3, 0.765625)
(4, 0.751953125)
(5, 0.751953125)
(6, 0.750457763671875)
(7, 0.750457763671875)
(8, 0.7502741813659668)
(9, 0.7502741813659668)
(10, 0.7502512335777283)
j =  2
(3, 0.765625)
(4, 0.669921875)
(5, 0.657958984375)
(6, 0.656463623046875)
(7, 0.656463623046875)
(8, 0.6563000679016113)
(9, 0.6563000679016113)
(10, 0.6562799885869026)
j =  3
(4, 0.669921875)
(5, 0.586181640625)
(6, 0.575714111328125)
(7, 0.5744056701660156)
(8, 0.574242115020752)
(9, 0.574242115020752)
(10, 0.5742242261767387)
j =  4
(5, 0.586181640625)
(6, 0.512908935546875)
(7, 0.5037498474121094)
(8, 0.5026049613952637)
(9, 0.502461850643158)
(10, 0.5024439617991447)
j =  5
(6, 0.512908935546875)
(7, 0.4487953186035156)
(8, 0.4407811164855957)
(9, 0.4397793412208557)
(10, 0.4396541193127632)
j =  6
(7, 0.4487953186035156)
(8, 0.39269590377807617)
(9, 0.38568347692489624)
(10, 0.38480692356824875)
j =  7
(8, 0.39269590377807617)
(9, 0.34360891580581665)
(10, 0.3374730423092842)
j =  8
(9, 0.34360891580581665)
(10, 0.30065780133008957)
j =  9
(10, 0.30065780133008957)
