j =  0
(1, 1.0)
(2, 0.8)
(3, 0.8)
(4, 0.768)
(5, 0.768)
(6, 0.7616)
(7, 0.7616)
(8, 0.7603712)
(9, 0.7603712)
(10, 0.76012544)
(11, 0.76012544)
(12, 0.7600766976)
(13, 0.7600766976)
j =  1
(2, 0.8)
(3, 0.64)
(4, 0.608)
(5, 0.608)
(6, 0.60288)
(7, 0.60288)
(8, 0.6019072)
(9, 0.6019072)
(10, 0.60171264)
(11, 0.60171264)
(12, 0.60167405568)
(13, 0.60167405568)
j =  2
(3, 0.64)
(4, 0.512)
(5, 0.4864)
(6, 0.48128)
(7, 0.48128)
(8, 0.4804608)
(9, 0.4804608)
(10, 0.480305152)
(11, 0.480305152)
(12, 0.48027435008)
(13, 0.48027435008)
j =  3
(4, 0.512)
(5, 0.4096)
(6, 0.38912)
(7, 0.385024)
(8, 0.3842048)
(9, 0.3842048)
(10, 0.384073728)
(11, 0.384073728)
(12, 0.38404882432)
(13, 0.38404882432)
j =  4
(5, 0.4096)
(6, 0.32768)
(7, 0.311296)
(8, 0.3080192)
(9, 0.30736384)
(10, 0.307232768)
(11, 0.307232768)
(12, 0.30721179648)
(13, 0.30721179648)
j =  5
(6, 0.32768)
(7, 0.262144)
(8, 0.2490368)
(9, 0.24641536)
(10, 0.245891072)
(11, 0.2457862144)
(12, 0.24576524288)
(13, 0.24576524288)
j =  6
(7, 0.262144)
(8, 0.2097152)
(9, 0.19922944)
(10, 0.197132288)
(11, 0.1967128576)
(12, 0.19662897152)
(13, 0.196612194304)
j =  7
(8, 0.2097152)
(9, 0.16777216)
(10, 0.159383552)
(11, 0.1577058304)
(12, 0.15737028608)
(13, 0.157303177216)
j =  8
(9, 0.16777216)
(10, 0.134217728)
(11, 0.1275068416)
(12, 0.12616466432)
(13, 0.125896228864)
j =  9
(10, 0.134217728)
(11, 0.1073741824)
(12, 0.10200547328)
(13, 0.100931731456)
j =  10
(11, 0.1073741824)
(12, 0.08589934592)
(13, 0.081604378624)
j =  11
(12, 0.08589934592)
(13, 0.068719476736)
j =  12
(13, 0.068719476736)
